PPP = [100, 0, 0, 0, 0, 0]
PPC = [55.56, 44.44, 0, 0, 0, 0]
PPF = [54.55, 9.09, 36.36, 0, 0, 0]
PPX = [50, 14.29, 7.14, 28.57, 0, 0]
PPE = [44.44, 16.67, 11.11, 5.56, 22.22, 0]
PPY = [39.13, 17.39, 13.04, 8.7, 4.35, 17.39]
PCC = [33.33, 66.67, 0, 0, 0, 0]
PCF = [36.36, 27.27, 36.36, 0, 0, 0]
PCX = [35.71, 28.57, 7.14, 28.57, 0, 0]
PCE = [33.33, 27.78, 11.11, 5.56, 22.22, 0]
PCY = [30.43, 26.09, 13.04, 8.7, 4.35, 17.39]
PFF = [36.36, 9.09, 54.55, 0, 0, 0]
PFX = [35.71, 14.29, 21.43, 28.57, 0, 0]
PFE = [33.33, 16.67, 22.22, 5.56, 22.22, 0]
PFY = [30.43, 17.39, 21.74, 8.7, 4.35, 17.39]
PXX = [35.71, 14.29, 7.14, 42.86, 0, 0]
PXE = [33.33, 16.67, 11.11, 16.67, 22.22, 0]
PXY = [30.43, 17.39, 13.04, 17.39, 4.35, 17.39]
PEE = [33.33, 16.67, 11.11, 5.56, 33.33, 0]
PEY = [30.43, 17.39, 13.04, 8.7, 13.04, 17.39]
PYY = [30.43, 17.39, 13.04, 8.7, 4.35, 26.09]
PYF = [30.43, 17.39, 30.43, 8.7, 4.35, 8.7]
YFY = [0, 0, 35.71, 14.29, 7.14, 42.86]
YYP = [39.13, 17.39, 13.04, 8.7, 4.35, 17.39]
PYX = [30.43, 17.39, 13.04, 26.09, 4.35, 8.7]
CYE = [0, 33.33, 16.67, 11.11, 27.78, 11.11]
YCE = [0, 33.33, 16.67, 11.11, 27.78, 11.11]
CXY = [0, 33.33, 16.67, 22.22, 5.56, 22.22]
XFY = [0, 0, 35.71, 28.57, 7.14, 28.57]
FFP = [54.55, 9.09, 36.36, 0, 0, 0]
XXC = [0, 54.55, 9.09, 36.36, 0, 0]
PYE = [30.43, 17.39, 13.04, 8.7, 21.74, 8.7]
CEX = [0, 35.71, 14.29, 35.71, 14.29, 0]
CCY = [0, 44.44, 16.67, 11.11, 5.56, 22.22]
FFY = [0, 0, 50, 14.29, 7.14, 28.57]
YYC = [0, 44.44, 16.67, 11.11, 5.56, 22.22]
XXP = [50, 14.29, 7.14, 28.57, 0, 0]
PEX = [33.33, 16.67, 11.11, 27.78, 11.11, 0]
FEX = [0, 0, 36.36, 45.45, 18.18, 0]
FFX = [0, 0, 55.56, 44.44, 0, 0]
PYC = [30.43, 34.78, 13.04, 8.7, 4.35, 8.7]
CYP = [39.13, 26.09, 13.04, 8.7, 4.35, 8.7]
EYF = [0, 0, 50, 14.29, 21.43, 14.29]
FEY = [0, 0, 35.71, 14.29, 21.43, 28.57]
CCX = [0, 54.55, 9.09, 36.36, 0, 0]
EEC = [0, 50, 14.29, 7.14, 28.57, 0]
FFE = [0, 0, 54.55, 9.09, 36.36, 0]
XXY = [0, 0, 0, 54.55, 9.09, 36.36]
XYC = [0, 44.44, 16.67, 22.22, 5.56, 11.11]
XYE = [0, 0, 0, 36.36, 45.45, 18.18]
XYP = [39.13, 17.39, 13.04, 17.39, 4.35, 8.7]
YFE = [0, 0, 35.71, 14.29, 35.71, 14.29]
YYE = [0, 0, 0, 0, 55.56, 44.44]
YYY = [0, 0, 0, 0, 0, 100]
EEE = [0, 0, 0, 0, 100, 0]
XXX = [0, 0, 0, 100, 0, 0]
FFF = [0, 0, 100, 0, 0, 0]
CCC = [0, 100, 0, 0, 0, 0]